PDE  1  7  8 29  6.30 -53.5200  159.2800  10.0 5.3 5.6 MACQUARIE
event name:     201001070829A
time shift:      4.0200
half duration:   1.6000
latitude:      -53.5500
longitude:     158.8400
depth:          18.9300
Mrr:      -3.380000e+23
Mtt:       3.530000e+24
Mpp:      -3.190000e+24
Mrt:      -4.540000e+23
Mrp:       6.610000e+23
Mtp:       1.060000e+24
