PDE 2019  7 14  5 39 23.40 -18.2200  120.3600  10.0 0.0 6.6 WESTERN AUSTRALIA                       
event name:     201907140539A  
time shift:      8.0600
half duration:   5.3000
latitude:      -18.1500
longitude:     120.2900
depth:          22.1900
Mrr:       1.770000e+25
Mtt:       9.180000e+25
Mpp:      -1.100000e+26
Mrt:       6.910000e+24
Mrp:       5.390000e+24
Mtp:       7.740000e+25
