PDE 2007  7 28  0 30 29.10  44.6100 -129.7800  10.0 4.8 0.0 OFF COAST OF OREGON                     
event name:     200707280030A  
time shift:      0.0000
half duration:   0.0000
latitude:       44.2400
longitude:    -130.0600
depth:          19.9700
Mrr:      -2.740000e+23
Mtt:      -7.440000e+23
Mpp:       1.020000e+24
Mrt:      -2.190000e+23
Mrp:       3.450000e+23
Mtp:      -7.970001e+23
