CMT 2009  7 10  0 31 26.45  44.2800 -130.0500  12.0 5.3 5.3 200907100031A
event name:     200907100031A
time shift:      0.0000
half duration:   0.0000
latitude:       44.2800
longitude:    -130.0500
depth:           12.0000
Mrr:    -1.650000e+23
Mtt:    -7.630000e+23
Mpp:    9.290000e+23
Mrt:    -6.100000e+22
Mrp:    1.810000e+23
Mtp:    -7.070000e+23
