CMT 2012  7 25  0 27 49.70   2.5000   95.9300  15.0 6.5 6.5 C201207250027A
event name:     C201207250027A
time shift:      0.0000
half duration:   0.0000
latitude:        2.5000
longitude:     95.9300
depth:           15.0000
Mrr:    1.850000e+25
Mtt:    -1.340000e+25
Mpp:    -5.130000e+24
Mrt:    4.990000e+25
Mrp:    -4.740000e+25
Mtp:    9.700000e+24
