PDE 2013  8 29 13 52 26.50 -19.3200 -179.1500 649.0 5.5 5.8 FIJI ISLANDS REGION                     
event name:     201308291352A  
time shift:      4.8800
half duration:   1.9000
latitude:      -19.3500
longitude:    -178.9400
depth:         684.5700
Mrr:       4.540000e+25
Mtt:      -4.960000e+25
Mpp:       4.130000e+24
Mrt:       1.310000e+25
Mrp:      -1.800000e+25
Mtp:      -1.830000e+25
