PDE 1994  6  9  0 33 16.40,   51.2400  178.7200 0.0 6. 6. FAKE INFO 
event name:    D0738KQA
time shift:        29
half duration:     20
latitude:       0.80996
longitude:     -30.04
depth:          17
Mrr:         -1.499999933510451e+16
Mtt:         4.579999880021279e+17
Mpp:         -4.440000095248712e+17
Mrt:         -3.999999937226998e+17
Mrp:         1.38e+18
Mtp:         -3.400000015362425e+18
