PDE 1994  6  9  0 33 16.40,   51.2400  178.7200 0.0 6. 6. FAKE INFO 
event name:    D076MEBA
time shift:        29
half duration:     20
latitude:       -19.31
longitude:     -179.0501
depth:          691.6
Mrr:         1.339999972099097e+18
Mtt:         -3.560000122802668e+17
Mpp:         -9.840000285383066e+17
Mrt:         4.289999908624138e+17
Mrp:         -3.43e+17
Mtp:         -6.799999755846943e+17
