PDE 1994  6  9  0 33 16.40,   51.2400  178.7200 0.0 6. 6. FAKE INFO 
event name:    D078HMYA
time shift:        29
half duration:     20
latitude:       -6.03
longitude:     107.58
depth:          304.8
Mrr:         9.56000027603328e+19
Mtt:         -1.149999970270451e+20
Mpp:         1.940000086378204e+19
Mrt:         2.000000040081755e+20
Mrp:         6.51e+19
Mtp:         9.950000568842636e+19
