PDE 1994  6  9  0 33 16.40,   51.2400  178.7200 0.0 6. 6. FAKE INFO 
event name:    D07L7BRA
time shift:        29
half duration:     20
latitude:       -3.46
longitude:     151.4601
depth:          405
Mrr:         8.080000340490977e+17
Mtt:         -1.259999918378975e+18
Mpp:         4.490000042924442e+17
Mrt:         9.3699996090001e+17
Mrp:         -7.9e+17
Mtp:         -8.750000120382095e+17
