PDE 1994  6  9  0 33 16.40,   51.2400  178.7200 0.0 6. 6. FAKE INFO 
event name:    D08A1W2A
time shift:        29
half duration:     20
latitude:       37.51
longitude:     95.75
depth:          27.2
Mrr:         2.510000053381235e+18
Mtt:         -3.479999931643593e+18
Mpp:         9.739999702836838e+17
Mrt:         2.489999936871989e+18
Mrp:         -9.93e+17
Mtp:         2.010000026868122e+17
