PDE 1994  6  9  0 33 16.40,   51.2400  178.7200 0.0 6. 6. FAKE INFO 
event name:    D08MNIQA
time shift:        29
half duration:     20
latitude:       67.71
longitude:     141.43
depth:          21.5
Mrr:         1.149999964772893e+18
Mtt:         -7.099999441901322e+17
Mpp:         -4.359999972809114e+17
Mrt:         6.030000080604365e+17
Mrp:         6.08e+17
Mtp:         1.429999946634887e+18
