PDE 1994  6  9  0 33 16.40,   51.2400  178.7200 0.0 6. 6. FAKE INFO 
event name:    D08TKINA
time shift:        29
half duration:     20
latitude:       45.12
longitude:     137.37
depth:          328.3
Mrr:         -1.819999950822441e+17
Mtt:         3.889999983620915e+17
Mpp:         -2.070000032798474e+17
Mrt:         8.489999980151439e+17
Mrp:         -4.2e+16
Mtp:         -6.390000116186481e+17
