PDE 1994  6  9  0 33 16.40,   51.2400  178.7200 0.0 6. 6. FAKE INFO 
event name:    D097GQ2A
time shift:        29
half duration:     20
latitude:       -10.36
longitude:     110.7201
depth:          36.1
Mrr:         -2.049999985008706e+18
Mtt:         2.189999975939703e+18
Mpp:         -1.409999967564595e+17
Mrt:         2.999999867020902e+16
Mrp:         -1.59e+17
Mtp:         -7.399999815150469e+17
