PDE 1994  6  9  0 33 16.40,   51.2400  178.7200 0.0 6. 6. FAKE INFO 
event name:    D0983YIA
time shift:        29
half duration:     20
latitude:       -9.89
longitude:     33.89
depth:          12
Mrr:         -8.949999911085015e+17
Mtt:         -2.099999992813978e+16
Mpp:         9.159999760042557e+17
Mrt:         2.059999974543852e+17
Mrp:         -2.89e+17
Mtp:         -2.879999769260851e+17
