PDE 1994  6  9  0 33 16.40,   51.2400  178.7200 0.0 6. 6. FAKE INFO 
event name:    D09A2Z5A
time shift:        29
half duration:     20
latitude:       53.44
longitude:     152.7701
depth:          655.7
Mrr:         -1.77999992396238e+18
Mtt:         -1.070000048491725e+18
Mpp:         2.849999835015152e+18
Mrt:         -1.339999972099097e+18
Mrp:         -1.51e+18
Mtp:         -6.079999684682711e+17
