PDE 1994  6  9  0 33 16.40,   51.2400  178.7200 0.0 6. 6. FAKE INFO 
event name:    D09C6KCA
time shift:        29
half duration:     20
latitude:       -15.25
longitude:     -70.75
depth:          197.1
Mrr:         -1.370000009424011e+18
Mtt:         1.330000051283427e+18
Mpp:         3.599999711576064e+16
Mrt:         1.059999921517625e+18
Mrp:         -8.71e+17
Mtp:         -7.77999996724183e+17
