PDE 1994  6  9  0 33 16.40,   51.2400  178.7200 0.0 6. 6. FAKE INFO 
event name:    D09P7U3A
time shift:        29
half duration:     20
latitude:       -23
longitude:     -178.9701
depth:          419.3
Mrr:         4.199999727929917e+17
Mtt:         7.820000200260321e+17
Mpp:         -1.199999981168099e+18
Mrt:         2.729999926233661e+17
Mrp:         3e+17
Mtp:         -1.399999995209318e+17
