PDE 1994  6  9  0 33 16.40,   51.2400  178.7200 0.0 6. 6. FAKE INFO 
event name:    D1085YYA
time shift:        29
half duration:     20
latitude:       -56.4901
longitude:     -25.48
depth:          18.3
Mrr:         2.650000044312232e+18
Mtt:         -1.999999968613499e+17
Mpp:         -2.439999920476783e+18
Mrt:         -5.229999887000535e+17
Mrp:         1.65e+18
Mtp:         1.28999995570389e+18
