PDE 1994  6  9  0 33 16.40,   51.2400  178.7200 0.0 6. 6. FAKE INFO 
event name:    D10BMBNA
time shift:        29
half duration:     20
latitude:       37.1
longitude:     -3.69
depth:          616.5
Mrr:         -2.160000076053742e+18
Mtt:         5.359999957115863e+17
Mpp:         1.619999953961091e+18
Mrt:         1.300000056908186e+16
Mrp:         3.23e+18
Mtp:         1.750000024076419e+18
