PDE 1994  6  9  0 33 16.40,   51.2400  178.7200 0.0 6. 6. FAKE INFO 
event name:    D10E1C5A
time shift:        29
half duration:     20
latitude:       33.18
longitude:     96.53
depth:          17.9
Mrr:         -2.96999977815638e+17
Mtt:         1.219999960238391e+18
Mpp:         -9.26999971364864e+17
Mrt:         -5.659999643170243e+17
Mrp:         -4.98e+17
Mtp:         9.359999550745477e+17
