PDE 1994  6  9  0 33 16.40,   51.2400  178.7200 0.0 6. 6. FAKE INFO 
event name:    D10HJQBA
time shift:        29
half duration:     20
latitude:       36.44
longitude:     70.79
depth:          207.7
Mrr:         2.550000011521819e+18
Mtt:         -2.079999884894667e+18
Mpp:         -4.679999775372739e+17
Mrt:         8.640000166776013e+17
Mrp:         1.39e+18
Mtp:         -8.119999886314701e+17
