PDE 1994  6  9  0 33 16.40,   51.2400  178.7200 0.0 6. 6. FAKE INFO 
event name:    D10L9KGA
time shift:        29
half duration:     20
latitude:       3.08
longitude:     128.09
depth:          121.6
Mrr:         5.059999583866716e+17
Mtt:         1.179999864658854e+18
Mpp:         -1.679999891171967e+18
Mrt:         7.799999396556308e+17
Mrp:         4.76e+17
Mtp:         5.009999636190986e+17
