PDE 1994  6  9  0 33 16.40,   51.2400  178.7200 0.0 6. 6. FAKE INFO 
event name:    D116C9GA
time shift:        29
half duration:     20
latitude:       -18.28
longitude:     -69.73
depth:          126.3
Mrr:         -1.44000000488951e+18
Mtt:         -5.79999942794281e+17
Mpp:         2.019999947683791e+18
Mrt:         1.299999876519559e+18
Mrp:         -2.12e+18
Mtp:         9.799999536968499e+16
