PDE 1994  6  9  0 33 16.40,   51.2400  178.7200 0.0 6. 6. FAKE INFO 
event name:    D117J78A
time shift:        29
half duration:     20
latitude:       -7.04
longitude:     155.3401
depth:          425.5
Mrr:         9.229999480630149e+17
Mtt:         2.940000084428849e+18
Mpp:         -3.859999946296001e+18
Mrt:         2.229999934080287e+18
Mrp:         -4.63e+18
Mtp:         6.850000047120056e+17
