PDE 1994  6  9  0 33 16.40,   51.2400  178.7200 0.0 6. 6. FAKE INFO 
event name:    D11B9ZTA
time shift:        29
half duration:     20
latitude:       -55.9701
longitude:     -27.78
depth:          123.1
Mrr:         2.259999971405201e+18
Mtt:         -2.329999829431747e+18
Mpp:         6.499999640295834e+16
Mrt:         -9.210000051315671e+17
Mrp:         -1.41e+18
Mtp:         1.090000027562017e+18
