PDE 1994  6  9  0 33 16.40,   51.2400  178.7200 0.0 6. 6. FAKE INFO 
event name:    D12N4I4A
time shift:        29
half duration:     20
latitude:       2.98
longitude:     97.77
depth:          104.5
Mrr:         2.070000032798474e+17
Mtt:         1.20000001123287e+16
Mpp:         -2.189999872860488e+17
Mrt:         1.090000027562017e+18
Mrp:         -1.33e+18
Mtp:         -1.239999939308683e+18
