PDE 1994  6  9  0 33 16.40,   51.2400  178.7200 0.0 6. 6. FAKE INFO 
event name:    D12O04CA
time shift:        29
half duration:     20
latitude:       -25
longitude:     178.7201
depth:          581.8
Mrr:         1.26000003863806e+17
Mtt:         -3.370000046756987e+17
Mpp:         2.109999922219581e+17
Mrt:         -1.28999995570389e+18
Mrp:         -3.54e+18
Mtp:         -1.929999973148e+18
