PDE 1994  6  9  0 33 16.40,   51.2400  178.7200 0.0 6. 6. FAKE INFO 
event name:    D139BCWA
time shift:        29
half duration:     20
latitude:       28.27
longitude:     51.62
depth:          12
Mrr:         2.399999962336199e+18
Mtt:         -8.459999805387571e+17
Mpp:         -1.549999958495592e+18
Mrt:         -7.179999907938304e+17
Mrp:         4.97e+17
Mtp:         3.099999916991185e+18
