PDE 1994  6  9  0 33 16.40,   51.2400  178.7200 0.0 6. 6. FAKE INFO 
event name:    D13JHVFA
time shift:        29
half duration:     20
latitude:       18.54
longitude:     145.1801
depth:          515.2
Mrr:         -1.259999918378975e+18
Mtt:         2.269999995300086e+17
Mpp:         1.029999952912187e+18
Mrt:         -8000000432799744
Mrp:         4.75e+17
Mtp:         2.720000039777731e+17
