PDE 1994  6  9  0 33 16.40,   51.2400  178.7200 0.0 6. 6. FAKE INFO 
event name:    D13L3C2A
time shift:        29
half duration:     20
latitude:       30.02
longitude:     138.8801
depth:          429.8
Mrr:         -1.339999972099097e+18
Mtt:         1.579999995820507e+18
Mpp:         -2.450000013091144e+17
Mrt:         1.480000031749571e+17
Mrp:         -1.02e+18
Mtp:         5.639999870258381e+17
