PDE 1994  6  9  0 33 16.40,   51.2400  178.7200 0.0 6. 6. FAKE INFO 
event name:    D13LNLAA
time shift:        29
half duration:     20
latitude:       34.6
longitude:     104.31
depth:          17.1
Mrr:         6.129999975955825e+17
Mtt:         4.409999920484844e+17
Mpp:         -1.049999931982479e+18
Mrt:         -4.690000177224745e+17
Mrp:         2e+16
Mtp:         6.869999476434534e+17
