PDE 1994  6  9  0 33 16.40,   51.2400  178.7200 0.0 6. 6. FAKE INFO 
event name:    D13M7K1A
time shift:        29
half duration:     20
latitude:       -45.8901
longitude:     34.93
depth:          20.7
Mrr:         -7.499999882300621e+16
Mtt:         1.989999910358876e+18
Mpp:         -1.909999994077708e+18
Mrt:         2.589999969662403e+17
Mrp:         -1.42e+17
Mtp:         2.809999876874568e+18
