PDE 1994  6  9  0 33 16.40,   51.2400  178.7200 0.0 6. 6. FAKE INFO 
event name:    D13S2OEA
time shift:        29
half duration:     20
latitude:       -27.73
longitude:     179.8401
depth:          492
Mrr:         6.24999998781653e+17
Mtt:         -1.239999939308683e+18
Mpp:         6.190000325483561e+17
Mrt:         1.019999963377041e+18
Mrp:         -4.61e+17
Mtp:         -2.410000020590821e+18
