PDE 1994  6  9  0 33 16.40,   51.2400  178.7200 0.0 6. 6. FAKE INFO 
event name:    D14L13OA
time shift:        29
half duration:     20
latitude:       -15.27
longitude:     -174.8601
depth:          12
Mrr:         -2.330000001230438e+17
Mtt:         1.559999879311262e+18
Mpp:         -1.330000051283427e+18
Mrt:         3.949999989551268e+17
Mrp:         -1.94e+17
Mtp:         1.750000024076419e+18
