PDE 2013  8 27 23 53  7.80  28.4000 99.0900 10.3 4.5 0.0 YUNNAN CHINA
event name:     201308272353A
time shift:     -2.1800
half duration:   0.6000
latitude:       28.1200
longitude:      99.3500
depth:          20.4400
Mrr:      -1.990000e+23
Mtt:       1.730000e+23
Mpp:       2.590000e+22
Mrt:       2.330000e+22
Mrp:       1.500000e+22
Mtp:      -2.430000e+22
