PDE 2012  2  2 13 34 40.70 46.0000  -135.0000  23.0 6.5 7.1 VANUATU ISLANDS
event name:     D07CAPA
time shift:      0.0000
half duration:   0.0000
latitude:       46.0000
longitude:     -135.0000
depth:          20.0000
Mrr:       6.290000e+24
Mtt:      -1.120000e+25
Mpp:       4.880000e+24
Mrt:      -2.800000e+24
Mrp:      -5.220000e+24
Mtp:       3.400000e+23
