PDE 2006 10 16 00 35 33.10  -50.7800  162.1600  10.0 5.8 5.8 AUCKLAND ISLANDS, N.Z. REGION
event name:   200610160035A
time shift:           7.8521
half duration:        2.0000
latitude:           -50.9400
longitude:          161.8300
depth:               27.9000
Mrr:            6.102295E+23
Mtt:            8.256778E+24
Mpp:           -8.867007E+24
Mrt:            1.830689E+24
Mrp:            1.706152E+24
Mtp:            2.453371E+24
