PDE 1994  6  9  0 33 16.40,   51.2400  178.7200 0.0 6. 6. FAKE INFO 
event name:    D0733CFA
time shift:        29
half duration:     20
latitude:       36.53
longitude:     70.62
depth:          223.2
Mrr:         1.710000065935835e+18
Mtt:         4.769999956066959e+17
Mpp:         -2.189999975939703e+18
Mrt:         1.389999988494303e+18
Mrp:         -1.66e+18
Mtp:         -1.870000070296863e+17
