PDE 1994  6  9  0 33 16.40,   51.2400  178.7200 0.0 6. 6. FAKE INFO 
event name:    D079397A
time shift:        29
half duration:     20
latitude:       43.22
longitude:     133.6501
depth:          451.1
Mrr:         3.689999849320612e+17
Mtt:         1.619999988320829e+17
Mpp:         -5.310000009440133e+17
Mrt:         -5.310000009440133e+17
Mrp:         -1.19e+18
Mtp:         -2.070000032798474e+17
