PDE 1994  6  9  0 33 16.40,   51.2400  178.7200 0.0 6. 6. FAKE INFO 
event name:    D07HN3DA
time shift:        29
half duration:     20
latitude:       10.21
longitude:     58.59
depth:          22.9
Mrr:         1.199999946808361e+17
Mtt:         1.940000031402623e+18
Mpp:         -2.069999964078998e+18
Mrt:         8.259999327489884e+17
Mrp:         -1.27e+17
Mtp:         -1.499999942100386e+18
