PDE 1994  6  9  0 33 16.40,   51.2400  178.7200 0.0 6. 6. FAKE INFO 
event name:    D07LDKRA
time shift:        29
half duration:     20
latitude:       -8.08
longitude:     -71.3
depth:          637.5
Mrr:         -7.97999975794475e+17
Mtt:         -9.099999754112205e+16
Mpp:         8.899999619811901e+17
Mrt:         -3.76999997176021e+17
Mrp:         1.06e+18
Mtp:         -2.499999960766874e+16
