PDE 1994  6  9  0 33 16.40,   51.2400  178.7200 0.0 6. 6. FAKE INFO 
event name:    D086AZUA
time shift:        29
half duration:     20
latitude:       -7.44
longitude:     124.8401
depth:          407
Mrr:         -4.830000099436265e+18
Mtt:         3.500000048152838e+18
Mpp:         1.330000051283427e+18
Mrt:         -9.219999422375526e+17
Mrp:         3.79e+18
Mtp:         1.199999946808361e+17
