PDE 1994  6  9  0 33 16.40,   51.2400  178.7200 0.0 6. 6. FAKE INFO 
event name:    D08ABPPA
time shift:        29
half duration:     20
latitude:       26.65
longitude:     55.72
depth:          12
Mrr:         1.339999972099097e+18
Mtt:         -1.350000030353719e+18
Mpp:         8999999278940160
Mrt:         7.179999907938304e+17
Mrp:         1.86e+17
Mtp:         -9.049999806436475e+17
