PDE 1994  6  9  0 33 16.40,   51.2400  178.7200 0.0 6. 6. FAKE INFO 
event name:    D08CKU5A
time shift:        29
half duration:     20
latitude:       -20.3
longitude:     -65.23
depth:          361.5
Mrr:         -2.099999992813978e+16
Mtt:         -3.299999982572012e+17
Mpp:         3.510000175126938e+17
Mrt:         3.849999750602424e+17
Mrp:         -2.13e+18
Mtp:         6.169999521779548e+17
