PDE 1994  6  9  0 33 16.40,   51.2400  178.7200 0.0 6. 6. FAKE INFO 
event name:    D08E9CPA
time shift:        29
half duration:     20
latitude:       -56.0401
longitude:     -27.75
depth:          115.2
Mrr:         -1.20000001123287e+16
Mtt:         4.629999827697009e+17
Mpp:         -4.509999815836303e+17
Mrt:         -1.199999981168099e+18
Mrp:         2.83e+17
Mtp:         5.609999695494513e+17
