PDE 1994  6  9  0 33 16.40,   51.2400  178.7200 0.0 6. 6. FAKE INFO 
event name:    D08T5X4A
time shift:        29
half duration:     20
latitude:       -18.72
longitude:     -177.5201
depth:          396.6
Mrr:         3.190000028965929e+17
Mtt:         -6.919999767707648e+17
Mpp:         3.729999738741719e+17
Mrt:         -7.139999674919813e+17
Mrp:         4.57e+17
Mtp:         -5.179999939324805e+17
