PDE 1994  6  9  0 33 16.40,   51.2400  178.7200 0.0 6. 6. FAKE INFO 
event name:    D097MQVA
time shift:        29
half duration:     20
latitude:       42.61
longitude:     43.51
depth:          13.4
Mrr:         9.229999480630149e+17
Mtt:         -6.390000116186481e+17
Mpp:         -2.840000051638436e+17
Mrt:         6.309999650149499e+17
Mrp:         -2.21e+17
Mtp:         4.729999723048468e+17
