PDE 1994  6  9  0 33 16.40,   51.2400  178.7200 0.0 6. 6. FAKE INFO 
event name:    D099GYAA
time shift:        29
half duration:     20
latitude:       -0.62004
longitude:     -20.8
depth:          26.5
Mrr:         -6.899999822997094e+16
Mtt:         1.659999912101675e+18
Mpp:         -1.599999974890799e+18
Mrt:         1.749999886637466e+17
Mrp:         6.08e+17
Mtp:         -4.929999582470865e+18
