PDE 1994  6  9  0 33 16.40,   51.2400  178.7200 0.0 6. 6. FAKE INFO 
event name:    D09FCSVA
time shift:        29
half duration:     20
latitude:       -3.04
longitude:     139.4501
depth:          105.1
Mrr:         2.779999873909391e+17
Mtt:         -1.090000027562017e+18
Mpp:         8.069999595041587e+17
Mrt:         -6.579999848634778e+17
Mrp:         2.95e+17
Mtp:         -5.820000231646822e+17
