PDE 1994  6  9  0 33 16.40,   51.2400  178.7200 0.0 6. 6. FAKE INFO 
event name:    D09GKHAA
time shift:        29
half duration:     20
latitude:       -54.3701
longitude:     6.32
depth:          12
Mrr:         -3.140000081290199e+17
Mtt:         2.109999922219581e+18
Mpp:         -1.799999903032672e+18
Mrt:         6.19999961064407e+16
Mrp:         -7e+15
Mtp:         5.339999840606618e+17
