PDE 1994  6  9  0 33 16.40,   51.2400  178.7200 0.0 6. 6. FAKE INFO 
event name:    D09JNYTA
time shift:        29
half duration:     20
latitude:       -10.02
longitude:     33.93
depth:          12
Mrr:         -1.039999942447333e+18
Mtt:         1.830000009077064e+17
Mpp:         8.589999875502899e+17
Mrt:         1.280000069247959e+17
Mrp:         -2.17e+17
Mtp:         -4.370000031063736e+17
