PDE 1994  6  9  0 33 16.40,   51.2400  178.7200 0.0 6. 6. FAKE INFO 
event name:    D09THTTA
time shift:        29
half duration:     20
latitude:       36.39
longitude:     70.66
depth:          219.4
Mrr:         2.099999863964959e+18
Mtt:         -1.850000056866832e+18
Mpp:         -2.540000021986673e+17
Mrt:         1.559999879311262e+18
Mrp:         -1.03e+18
Mtp:         6.809999814101565e+17
