PDE 1994  6  9  0 33 16.40,   51.2400  178.7200 0.0 6. 6. FAKE INFO 
event name:    D10899WA
time shift:        29
half duration:     20
latitude:       19.26
longitude:     144.6701
depth:          432.2
Mrr:         -1.5299999794253e+18
Mtt:         4.709999950136607e+17
Mpp:         1.049999931982479e+18
Mrt:         -3.679999791065989e+17
Mrp:         1.69e+17
Mtp:         -8.750000120382095e+17
