PDE 1994  6  9  0 33 16.40,   51.2400  178.7200 0.0 6. 6. FAKE INFO 
event name:    D10829HA
time shift:        29
half duration:     20
latitude:       38.82
longitude:     40.04
depth:          15.1
Mrr:         8.600000277354906e+16
Mtt:         -1.419999888380264e+18
Mpp:         1.330000051283427e+18
Mrt:         6.339999824913367e+17
Mrp:         1.65e+17
Mtp:         1.839999895532995e+17
