PDE 1994  6  9  0 33 16.40,   51.2400  178.7200 0.0 6. 6. FAKE INFO 
event name:    D10GJNUA
time shift:        29
half duration:     20
latitude:       -20.74
longitude:     -178.6701
depth:          604
Mrr:         -1.389999988494303e+18
Mtt:         1.139999975237747e+18
Mpp:         2.439999954836521e+17
Mrt:         -9.029999689927229e+17
Mrp:         -1.19e+18
Mtp:         -1.059999921517625e+18
