PDE 1994  6  9  0 33 16.40,   51.2400  178.7200 0.0 6. 6. FAKE INFO 
event name:    D10NMFLA
time shift:        29
half duration:     20
latitude:       -14.03
longitude:     -74.52
depth:          108.9
Mrr:         -1.630000012215714e+18
Mtt:         4.339999856299868e+17
Mpp:         1.199999981168099e+18
Mrt:         -1.879999956752794e+17
Mrp:         4.7e+17
Mtp:         -9.919999377030513e+17
