PDE 1994  6  9  0 33 16.40,   51.2400  178.7200 0.0 6. 6. FAKE INFO 
event name:    D11D7ZRA
time shift:        29
half duration:     20
latitude:       0.0099627
longitude:     123.14
depth:          164.4
Mrr:         1.28999995570389e+18
Mtt:         -1.230000018493014e+18
Mpp:         -5.499999827787776e+16
Mrt:         7.580000176538911e+17
Mrp:         2.27e+17
Mtp:         3.949999989551268e+17
