PDE 1994  6  9  0 33 16.40,   51.2400  178.7200 0.0 6. 6. FAKE INFO 
event name:    D11ELEHA
time shift:        29
half duration:     20
latitude:       36.45
longitude:     70.62
depth:          210.2
Mrr:         7.77999996724183e+17
Mtt:         -6.569999790380155e+17
Mpp:         -1.210000005062984e+17
Mrt:         7.450000106423583e+17
Mrp:         -5.16e+17
Mtp:         2.279999881756017e+17
