PDE 1994  6  9  0 33 16.40,   51.2400  178.7200 0.0 6. 6. FAKE INFO 
event name:    D11E6SUA
time shift:        29
half duration:     20
latitude:       54.17
longitude:     123.77
depth:          21.8
Mrr:         -1.189999974453084e+17
Mtt:         5.920000126998282e+17
Mpp:         -4.729999723048468e+17
Mrt:         1.799999855788032e+16
Mrp:         -1.81e+17
Mtp:         1.259999918378975e+18
