PDE 1994  6  9  0 33 16.40,   51.2400  178.7200 0.0 6. 6. FAKE INFO 
event name:    D11J3OEA
time shift:        29
half duration:     20
latitude:       -16.52
longitude:     -176.7301
depth:          415
Mrr:         1.370000009424011e+18
Mtt:         -1.570000075004838e+18
Mpp:         1.989999910358876e+17
Mrt:         -4.500000015279718e+16
Mrp:         -1.85e+18
Mtp:         1.710000065935835e+18
