PDE 1994  6  9  0 33 16.40,   51.2400  178.7200 0.0 6. 6. FAKE INFO 
event name:    D11R83XA
time shift:        29
half duration:     20
latitude:       28.02
longitude:     59.02
depth:          14.3
Mrr:         -1.969999965648323e+17
Mtt:         2.420000078845444e+18
Mpp:         -2.220000013264617e+18
Mrt:         2.039999858034606e+17
Mrp:         4.97e+17
Mtp:         4.119999949087703e+17
