PDE 1994  6  9  0 33 16.40,   51.2400  178.7200 0.0 6. 6. FAKE INFO 
event name:    D1227IMA
time shift:        29
half duration:     20
latitude:       -22.0801
longitude:     -63.59
depth:          549.5
Mrr:         -1.059999921517625e+18
Mtt:         -1.399999995209318e+16
Mpp:         1.070000048491725e+18
Mrt:         -7.599999605853389e+16
Mrp:         4.67e+17
Mtp:         1.019999929017303e+17
