PDE 1994  6  9  0 33 16.40,   51.2400  178.7200 0.0 6. 6. FAKE INFO 
event name:    D12BCNTA
time shift:        29
half duration:     20
latitude:       38.35
longitude:     46.78
depth:          19.2
Mrr:         2.479999878617367e+18
Mtt:         -1.070000048491725e+18
Mpp:         -1.409999967564595e+18
Mrt:         -1.77999992396238e+18
Mrp:         4.38e+17
Mtp:         -3.210000008036221e+18
