PDE 1994  6  9  0 33 16.40,   51.2400  178.7200 0.0 6. 6. FAKE INFO 
event name:    D12M54DA
time shift:        29
half duration:     20
latitude:       -56.8001
longitude:     -24.52
depth:          12
Mrr:         6.750000151768596e+17
Mtt:         2.600000113816371e+16
Mpp:         -7.009999604804485e+17
Mrt:         -3.43000005268734e+17
Mrp:         6.8e+17
Mtp:         1.439999884630426e+17
