PDE 1994  6  9  0 33 16.40,   51.2400  178.7200 0.0 6. 6. FAKE INFO 
event name:    D12QLFNA
time shift:        29
half duration:     20
latitude:       26.87
longitude:     140.1701
depth:          472.1
Mrr:         -7.42999930271957e+17
Mtt:         3.38000010501161e+17
Mpp:         4.05999994315735e+17
Mrt:         -3.260000093150904e+17
Mrp:         -3.53e+17
Mtp:         -7.3400001528175e+17
