PDE 1994  6  9  0 33 16.40,   51.2400  178.7200 0.0 6. 6. FAKE INFO 
event name:    D12TLHCA
time shift:        29
half duration:     20
latitude:       43.42
longitude:     84.72
depth:          27.6
Mrr:         1.159999885588562e+18
Mtt:         -3.549999789670138e+18
Mpp:         2.390000178959483e+18
Mrt:         3.099999848271708e+17
Mrp:         1.95e+18
Mtp:         -1.239999939308683e+18
