PDE 1994  6  9  0 33 16.40,   51.2400  178.7200 0.0 6. 6. FAKE INFO 
event name:    D13C9O9A
time shift:        29
half duration:     20
latitude:       -5.52
longitude:     -82.13
depth:          12
Mrr:         -2.489999936871989e+18
Mtt:         -1.609999930066207e+17
Mpp:         2.650000044312232e+18
Mrt:         2.610000086171648e+17
Mrp:         -4.32e+17
Mtp:         -3.199999743623168e+17
