PDE 1994  6  9  0 33 16.40,   51.2400  178.7200 0.0 6. 6. FAKE INFO 
event name:    D13HGNRA
time shift:        29
half duration:     20
latitude:       -34.89
longitude:     54.12
depth:          12
Mrr:         -3.219999860132413e+17
Mtt:         4.219999844439163e+17
Mpp:         -9.999999843067494e+16
Mrt:         2.600000113816371e+16
Mrp:         1.65e+17
Mtp:         2.289999871291163e+18
