PDE 1994  6  9  0 33 16.40,   51.2400  178.7200 0.0 6. 6. FAKE INFO 
event name:    D13SG3XA
time shift:        29
half duration:     20
latitude:       42.57
longitude:     79.76
depth:          24.4
Mrr:         3.169999912456684e+17
Mtt:         -2.259999971405201e+18
Mpp:         1.949999952218292e+18
Mrt:         -2.949999661647135e+17
Mrp:         -2.01e+17
Mtp:         1.039999942447333e+18
