PDE 1994  6  9  0 33 16.40,   51.2400  178.7200 0.0 6. 6. FAKE INFO 
event name:    D14K24CA
time shift:        29
half duration:     20
latitude:       -40.6701
longitude:     175.8001
depth:          24.5
Mrr:         -1.53999990024097e+18
Mtt:         8.97000002759426e+17
Mpp:         6.420000290950349e+17
Mrt:         1.330000051283427e+18
Mrp:         2.75e+18
Mtp:         7.869999804338668e+17
