PDE 1994  6  9  0 33 16.40,   51.2400  178.7200 0.0 6. 6. FAKE INFO 
event name:    D14P539A
time shift:        29
half duration:     20
latitude:       -8.36
longitude:     109.27
depth:          76.1
Mrr:         -1.279999897449267e+18
Mtt:         1.179999864658854e+18
Mpp:         9.600000089862963e+16
Mrt:         -1.559999879311262e+18
Mrp:         5.82e+17
Mtp:         -3.370000046756987e+17
