PDE 1994  6  9  0 33 16.40,   51.2400  178.7200 0.0 6. 6. FAKE INFO 
event name:    D14QD4FA
time shift:        29
half duration:     20
latitude:       38.08
longitude:     20.4
depth:          15.2
Mrr:         7.759999850732585e+17
Mtt:         7.390000444090614e+17
Mpp:         -1.519999921170678e+18
Mrt:         3.049999900595978e+17
Mrp:         -2.91e+17
Mtp:         1.459999983959802e+18
